Cd = 0.4;
Cr = 0.1;
g = -9.8;
R = 0.2;
M = 0.256;
theta = 45;