Cd = 0;
Cr = 0;
g = -9.8;
R = 0.2;
M = 0.256;
theta = 45;
V0 = 200;